data plots;
data nusers;
input stock_price option_price;
datalines;
10.0 1.56649323843
10.01 1.57326688614
10.02 1.58005311864
10.03 1.58685190287
10.04 1.59366320575
10.05 1.60048699416
10.06 1.60732323495
10.07 1.61417189494
10.08 1.62103294094
10.09 1.62790633971
10.1 1.63479205799
10.11 1.64169006251
10.12 1.64860031997
10.13 1.65552279702
10.14 1.66245746033
10.15 1.66940427653
10.16 1.67636321223
10.17 1.68333423402
10.18 1.69031730847
10.19 1.69731240215
10.2 1.70431948159
10.21 1.71133851333
10.22 1.71836946388
10.23 1.72541229973
10.24 1.73246698739
10.25 1.73953349332
10.26 1.746611784
10.27 1.75370182588
10.28 1.76080358541
10.29 1.76791702904
10.3 1.77504212321
10.31 1.78217883434
10.32 1.78932712886
10.33 1.7964869732
10.34 1.80365833378
10.35 1.81084117701
10.36 1.81803546932
10.37 1.82524117711
10.38 1.83245826681
10.39 1.83968670484
10.4 1.84692645762
10.41 1.85417749158
10.42 1.86143977313
10.43 1.86871326873
10.44 1.87599794481
10.45 1.88329376781
10.46 1.89060070419
10.47 1.89791872041
10.48 1.90524778295
10.49 1.91258785828
10.5 1.9199389129
10.51 1.9273009133
10.52 1.93467382602
10.53 1.94205761757
10.54 1.9494522545
10.55 1.95685770336
10.56 1.96427393073
10.57 1.9717009032
10.58 1.97913858737
10.59 1.98658694986
10.6 1.99404595732
10.61 2.00151557641
10.62 2.0089957738
10.63 2.0164865162
10.64 2.02398777033
10.65 2.03149950294
10.66 2.03902168079
10.67 2.04655427066
10.68 2.05409723939
10.69 2.06165055379
10.7 2.06921418075
10.71 2.07678808714
10.72 2.08437223989
10.73 2.09196660595
10.74 2.09957115227
10.75 2.10718584587
10.76 2.11481065378
10.77 2.12244554306
10.78 2.1300904808
10.79 2.13774543412
10.8 2.14541037017
10.81 2.15308525616
10.82 2.16077005929
10.83 2.16846474682
10.84 2.17616928604
10.85 2.18388364428
10.86 2.19160778889
10.87 2.19934168727
10.88 2.20708530686
10.89 2.21483861512
10.9 2.22260157956
10.91 2.23037416773
10.92 2.23815634721
10.93 2.24594808563
10.94 2.25374935066
10.95 2.26156010999
10.96 2.26938033138
10.97 2.27720998262
10.98 2.28504903154
10.99 2.29289744601
11.0 2.30075519395
11.01 2.30862224332
11.02 2.31649856213
11.03 2.32438411842
11.04 2.3322788803
11.05 2.3401828159
11.06 2.34809589341
11.07 2.35601808107
11.08 2.36394934716
11.09 2.37188966
11.1 2.37983898799
11.11 2.38779729954
11.12 2.39576456312
11.13 2.40374074728
11.14 2.41172582057
11.15 2.41971975162
11.16 2.42772250912
11.17 2.43573406179
11.18 2.44375437841
11.19 2.45178342782
11.2 2.45982117888
11.21 2.46786760055
11.22 2.47592266182
11.23 2.48398633172
11.24 2.49205857936
11.25 2.50013937389
11.26 2.50822868451
11.27 2.5163264805
11.28 2.52443273117
11.29 2.53254740589
11.3 2.5406704741
11.31 2.54880190528
11.32 2.55694166899
11.33 2.56508973481
11.34 2.57324607242
11.35 2.58141065153
11.36 2.58958344192
11.37 2.59776441342
11.38 2.60595353594
11.39 2.61415077942
11.4 2.62235611388
11.41 2.63056950939
11.42 2.63879093609
11.43 2.64702036417
11.44 2.6552577639
11.45 2.66350310558
11.46 2.6717563596
11.47 2.6800174964
11.48 2.68828648649
11.49 2.69656330042
11.5 2.70484790883
11.51 2.7131402824
11.52 2.7214403919
11.53 2.72974820815
11.54 2.73806370201
11.55 2.74638684445
11.56 2.75471760647
11.57 2.76305595914
11.58 2.7714018736
11.59 2.77975532107
11.6 2.7881162728
11.61 2.79648470014
11.62 2.80486057448
11.63 2.8132438673
11.64 2.82163455011
11.65 2.83003259453
11.66 2.83843797222
11.67 2.84685065491
11.68 2.8552706144
11.69 2.86369782256
11.7 2.87213225132
11.71 2.88057387267
11.72 2.8890226587
11.73 2.89747858153
11.74 2.90594161337
11.75 2.9144117265
11.76 2.92288889324
11.77 2.93137308603
11.78 2.93986427732
11.79 2.94836243967
11.8 2.9568675457
11.81 2.96537956809
11.82 2.9738984796
11.83 2.98242425304
11.84 2.99095686132
11.85 2.99949627739
11.86 3.00804247429
11.87 3.01659542513
11.88 3.02515510307
11.89 3.03372148136
11.9 3.04229453332
11.91 3.05087423232
11.92 3.05946055182
11.93 3.06805346536
11.94 3.07665294652
11.95 3.08525896897
11.96 3.09387150645
11.97 3.10249053278
11.98 3.11111602182
11.99 3.11974794754
12.0 3.12838628396
12.01 3.13703100517
12.02 3.14568208533
12.03 3.1543394987
12.04 3.16300321957
12.05 3.17167322233
12.06 3.18034948143
12.07 3.1890319714
12.08 3.19772066684
12.09 3.20641554241
12.1 3.21511657285
12.11 3.22382373299
12.12 3.2325369977
12.13 3.24125634195
12.14 3.24998174076
12.15 3.25871316924
12.16 3.26745060256
12.17 3.27619401598
12.18 3.28494338481
12.19 3.29369868444
12.2 3.30245989034
12.21 3.31122697805
12.22 3.31999992318
12.23 3.32877870142
12.24 3.33756328851
12.25 3.34635366029
12.26 3.35514979265
12.27 3.36395166158
12.28 3.37275924312
12.29 3.38157251339
12.3 3.39039144858
12.31 3.39921602495
12.32 3.40804621885
12.33 3.41688200668
12.34 3.42572336494
12.35 3.43457027016
12.36 3.44342269899
12.37 3.45228062812
12.38 3.46114403433
12.39 3.47001289447
12.4 3.47888718545
12.41 3.48776688426
12.42 3.49665196798
12.43 3.50554241374
12.44 3.51443819874
12.45 3.52333930028
12.46 3.53224569571
12.47 3.54115736245
12.48 3.55007427801
12.49 3.55899641995
12.5 3.56792376593
12.51 3.57685629366
12.52 3.58579398093
12.53 3.5947368056
12.54 3.60368474561
12.55 3.61263777896
12.56 3.62159588374
12.57 3.63055903808
12.58 3.63952722023
12.59 3.64850040846
12.6 3.65747858115
12.61 3.66646171674
12.62 3.67544979374
12.63 3.68444279072
12.64 3.69344068635
12.65 3.70244345934
12.66 3.71145108851
12.67 3.7204635527
12.68 3.72948083088
12.69 3.73850290203
12.7 3.74752974526
12.71 3.75656133972
12.72 3.76559766462
12.73 3.77463869926
12.74 3.78368442302
12.75 3.79273481533
12.76 3.8017898557
12.77 3.81084952371
12.78 3.81991379901
12.79 3.82898266132
12.8 3.83805609044
12.81 3.84713406622
12.82 3.8562165686
12.83 3.86530357757
12.84 3.87439507322
12.85 3.88349103569
12.86 3.89259144518
12.87 3.90169628198
12.88 3.91080552645
12.89 3.919919159
12.9 3.92903716012
12.91 3.93815951039
12.92 3.94728619042
12.93 3.95641718091
12.94 3.96555246265
12.95 3.97469201645
12.96 3.98383582324
12.97 3.99298386398
12.98 4.00213611972
12.99 4.01129257157
13.0 4.02045320072
13.01 4.0296179884
13.02 4.03878691595
13.03 4.04795996475
13.04 4.05713711624
13.05 4.06631835196
13.06 4.07550365349
13.07 4.08469300249
13.08 4.09388638068
13.09 4.10308376986
13.1 4.11228515189
13.11 4.12149050868
13.12 4.13069982225
13.13 4.13991307464
13.14 4.14913024799
13.15 4.15835132448
13.16 4.16757628639
13.17 4.17680511603
13.18 4.1860377958
13.19 4.19527430816
13.2 4.20451463564
13.21 4.21375876083
13.22 4.22300666638
13.23 4.23225833501
13.24 4.24151374952
13.25 4.25077289277
13.26 4.26003574766
13.27 4.26930229718
13.28 4.27857252438
13.29 4.28784641238
13.3 4.29712394435
13.31 4.30640510354
13.32 4.31568987326
13.33 4.32497823686
13.34 4.3342701778
13.35 4.34356567957
13.36 4.35286472574
13.37 4.36216729992
13.38 4.37147338582
13.39 4.38078296718
13.4 4.39009602783
13.41 4.39941255164
13.42 4.40873252255
13.43 4.41805592458
13.44 4.42738274179
13.45 4.43671295831
13.46 4.44604655834
13.47 4.45538352614
13.48 4.46472384601
13.49 4.47406750234
13.5 4.48341447957
13.51 4.49276476221
13.52 4.50211833481
13.53 4.51147518201
13.54 4.52083528849
13.55 4.530198639
13.56 4.53956521834
13.57 4.5489350114
13.58 4.55830800309
13.59 4.56768417841
13.6 4.5770635224
13.61 4.58644602018
13.62 4.59583165693
13.63 4.60522041786
13.64 4.61461228827
13.65 4.62400725351
13.66 4.63340529898
13.67 4.64280641016
13.68 4.65221057257
13.69 4.66161777179
13.7 4.67102799347
13.71 4.68044122332
13.72 4.68985744709
13.73 4.6992766506
13.74 4.70869881973
13.75 4.71812394041
13.76 4.72755199863
13.77 4.73698298046
13.78 4.74641687198
13.79 4.75585365937
13.8 4.76529332885
13.81 4.7747358667
13.82 4.78418125925
13.83 4.7936294929
13.84 4.80308055408
13.85 4.81253442931
13.86 4.82199110515
13.87 4.83145056821
13.88 4.84091280516
13.89 4.85037780274
13.9 4.85984554772
13.91 4.86931602694
13.92 4.8787892273
13.93 4.88826513575
13.94 4.89774373928
13.95 4.90722502495
13.96 4.91670897988
13.97 4.92619559124
13.98 4.93568484624
13.99 4.94517673215
14.0 4.95467123631
14.01 4.96416834609
14.02 4.97366804894
14.03 4.98317033234
14.04 4.99267518382
14.05 5.002182591
14.06 5.0116925415
14.07 5.02120502304
14.08 5.03072002336
14.09 5.04023753027
14.1 5.04975753163
14.11 5.05928001534
14.12 5.06880496937
14.13 5.07833238172
14.14 5.08786224047
14.15 5.09739453371
14.16 5.10692924963
14.17 5.11646637644
14.18 5.1260059024
14.19 5.13554781584
14.2 5.14509210512
14.21 5.15463875866
14.22 5.16418776493
14.23 5.17373911245
14.24 5.18329278979
14.25 5.19284878557
14.26 5.20240708846
14.27 5.21196768717
14.28 5.22153057047
14.29 5.23109572718
14.3 5.24066314616
14.31 5.25023281633
14.32 5.25980472664
14.33 5.2693788661
14.34 5.27895522379
14.35 5.28853378879
14.36 5.29811455027
14.37 5.30769749743
14.38 5.31728261951
14.39 5.32686990582
14.4 5.3364593457
14.41 5.34605092853
14.42 5.35564464377
14.43 5.36524048088
14.44 5.37483842941
14.45 5.38443847893
14.46 5.39404061907
14.47 5.40364483949
14.48 5.41325112991
14.49 5.42285948009
14.5 5.43246987984
14.51 5.44208231902
14.52 5.45169678752
14.53 5.46131327528
14.54 5.47093177229
14.55 5.48055226859
14.56 5.49017475425
14.57 5.4997992194
14.58 5.5094256542
14.59 5.51905404885
14.6 5.52868439363
14.61 5.53831667882
14.62 5.54795089476
14.63 5.55758703185
14.64 5.56722508051
14.65 5.57686503122
14.66 5.58650687448
14.67 5.59615060085
14.68 5.60579620095
14.69 5.61544366541
14.7 5.62509298491
14.71 5.63474415019
14.72 5.64439715201
14.73 5.65405198119
14.74 5.66370862859
14.75 5.67336708509
14.76 5.68302734163
14.77 5.6926893892
14.78 5.70235321881
14.79 5.71201882153
14.8 5.72168618845
14.81 5.73135531072
14.82 5.74102617952
14.83 5.75069878607
14.84 5.76037312164
14.85 5.77004917754
14.86 5.7797269451
14.87 5.7894064157
14.88 5.79908758078
14.89 5.8087704318
14.9 5.81845496025
14.91 5.82814115768
14.92 5.83782901567
14.93 5.84751852584
14.94 5.85720967984
14.95 5.86690246938
14.96 5.87659688618
14.97 5.88629292203
14.98 5.89599056873
14.99 5.90568981813
15.0 5.91539066212
15.01 5.92509309262
15.02 5.93479710161
15.03 5.94450268107
15.04 5.95420982305
15.05 5.96391851962
15.06 5.9736287629
15.07 5.98334054502
15.08 5.99305385818
15.09 6.0027686946
15.1 6.01248504653
15.11 6.02220290627
15.12 6.03192226616
15.13 6.04164311855
15.14 6.05136545585
15.15 6.06108927051
15.16 6.07081455498
15.17 6.08054130178
15.18 6.09026950346
15.19 6.0999991526
15.2 6.1097302418
15.21 6.11946276372
15.22 6.12919671104
15.23 6.13893207649
15.24 6.14866885281
15.25 6.15840703279
15.26 6.16814660926
15.27 6.17788757506
15.28 6.18762992309
15.29 6.19737364627
15.3 6.20711873756
15.31 6.21686518995
15.32 6.22661299645
15.33 6.23636215014
15.34 6.2461126441
15.35 6.25586447144
15.36 6.26561762533
15.37 6.27537209895
15.38 6.28512788553
15.39 6.29488497832
15.4 6.3046433706
15.41 6.31440305569
15.42 6.32416402694
15.43 6.33392627773
15.44 6.34368980147
15.45 6.35345459161
15.46 6.36322064163
15.47 6.37298794502
15.48 6.38275649534
15.49 6.39252628614
15.5 6.40229731104
15.51 6.41206956365
15.52 6.42184303765
15.53 6.43161772673
15.54 6.4413936246
15.55 6.45117072502
15.56 6.46094902178
15.57 6.47072850868
15.58 6.48050917958
15.59 6.49029102834
15.6 6.50007404887
15.61 6.5098582351
15.62 6.51964358098
15.63 6.52943008052
15.64 6.53921772774
15.65 6.54900651667
15.66 6.5587964414
15.67 6.56858749604
15.68 6.57837967471
15.69 6.5881729716
15.7 6.59796738088
15.71 6.60776289678
15.72 6.61755951354
15.73 6.62735722545
15.74 6.63715602681
15.75 6.64695591194
15.76 6.65675687522
15.77 6.66655891103
15.78 6.67636201379
15.79 6.68616617793
15.8 6.69597139792
15.81 6.70577766827
15.82 6.7155849835
15.83 6.72539333816
15.84 6.73520272682
15.85 6.7450131441
15.86 6.75482458461
15.87 6.76463704303
15.88 6.77445051402
15.89 6.78426499231
15.9 6.79408047262
15.91 6.80389694971
15.92 6.81371441839
15.93 6.82353287345
15.94 6.83335230973
15.95 6.84317272211
15.96 6.85299410547
15.97 6.86281645472
15.98 6.8726397648
15.99 6.88246403069
16.0 6.89228924736
16.01 6.90211540984
16.02 6.91194251316
16.03 6.92177055238
16.04 6.9315995226
16.05 6.94142941892
16.06 6.95126023649
16.07 6.96109197047
16.08 6.97092461604
16.09 6.9807581684
16.1 6.9905926228
16.11 7.00042797448
16.12 7.01026421874
16.13 7.02010135087
16.14 7.02993936619
16.15 7.03977826007
16.16 7.04961802787
16.17 7.059458665
16.18 7.06930016686
16.19 7.07914252891
16.2 7.0889857466
16.21 7.09882981544
16.22 7.10867473092
16.23 7.11852048858
16.24 7.12836708397
16.25 7.13821451268
16.26 7.1480627703
16.27 7.15791185246
16.28 7.1677617548
16.29 7.17761247298
16.3 7.1874640027
16.31 7.19731633966
16.32 7.20716947959
16.33 7.21702341825
16.34 7.2268781514
16.35 7.23673367485
16.36 7.24658998441
16.37 7.25644707592
16.38 7.26630494523
16.39 7.27616358822
16.4 7.2860230008
16.41 7.29588317889
16.42 7.30574411842
16.43 7.31560581536
16.44 7.32546826569
16.45 7.33533146541
16.46 7.34519541054
16.47 7.35506009713
16.48 7.36492552124
16.49 7.37479167896
16.5 7.38465856638
16.51 7.39452617963
16.52 7.40439451484
16.53 7.41426356819
16.54 7.42413333585
16.55 7.43400381402
16.56 7.44387499893
16.57 7.4537468868
16.58 7.46361947391
16.59 7.47349275652
16.6 7.48336673093
16.61 7.49324139346
16.62 7.50311674044
16.63 7.51299276823
16.64 7.52286947319
16.65 7.53274685171
16.66 7.5426249002
16.67 7.55250361509
16.68 7.56238299283
16.69 7.57226302986
16.7 7.58214372268
16.71 7.59202506779
16.72 7.6019070617
16.73 7.61178970094
16.74 7.62167298206
16.75 7.63155690165
16.76 7.64144145627
16.77 7.65132664255
16.78 7.66121245709
16.79 7.67109889655
16.8 7.68098595757
16.81 7.69087363684
16.82 7.70076193103
16.83 7.71065083687
16.84 7.72054035107
16.85 7.73043047038
16.86 7.74032119155
16.87 7.75021251136
16.88 7.7601044266
16.89 7.76999693409
16.9 7.77989003063
16.91 7.78978371309
16.92 7.7996779783
16.93 7.80957282315
16.94 7.81946824453
16.95 7.82936423934
16.96 7.8392608045
16.97 7.84915793696
16.98 7.85905563366
16.99 7.86895389157
17.0 7.87885270767
17.01 7.88875207898
17.02 7.8986520025
17.03 7.90855247527
17.04 7.91845349433
17.05 7.92835505674
17.06 7.93825715958
17.07 7.94815979995
17.08 7.95806297494
17.09 7.96796668169
17.1 7.97787091733
17.11 7.98777567901
17.12 7.99768096391
17.13 8.00758676919
17.14 8.01749309206
17.15 8.02739992972
17.16 8.03730727941
17.17 8.04721513836
17.18 8.05712350383
17.19 8.06703237308
17.2 8.07694174341
17.21 8.08685161209
17.22 8.09676197645
17.23 8.10667283381
17.24 8.11658418151
17.25 8.1264960169
17.26 8.13640833735
17.27 8.14632114024
17.28 8.15623442295
17.29 8.16614818291
17.3 8.17606241753
17.31 8.18597712424
17.32 8.19589230049
17.33 8.20580794374
17.34 8.21572405148
17.35 8.22564062117
17.36 8.23555765034
17.37 8.24547513648
17.38 8.25539307713
17.39 8.26531146983
17.4 8.27523031212
17.41 8.28514960158
17.42 8.29506933579
17.43 8.30498951232
17.44 8.3149101288
17.45 8.32483118282
17.46 8.33475267203
17.47 8.34467459406
17.48 8.35459694657
17.49 8.36451972722
17.5 8.37444293369
17.51 8.38436656367
17.52 8.39429061487
17.53 8.40421508499
17.54 8.41413997177
17.55 8.42406527294
17.56 8.43399098625
17.57 8.44391710946
17.58 8.45384364036
17.59 8.46377057672
17.6 8.47369791634
17.61 8.48362565703
17.62 8.49355379662
17.63 8.50348233293
17.64 8.5134112638
17.65 8.5233405871
17.66 8.53327030068
17.67 8.54320040243
17.68 8.55313089023
17.69 8.56306176199
17.7 8.57299301561
17.71 8.58292464902
17.72 8.59285666015
17.73 8.60278904694
17.74 8.61272180735
17.75 8.62265493934
17.76 8.63258844089
17.77 8.64252230999
17.78 8.65245654463
17.79 8.66239114283
17.8 8.67232610259
17.81 8.68226142196
17.82 8.69219709897
17.83 8.70213313167
17.84 8.71206951812
17.85 8.72200625639
17.86 8.73194334456
17.87 8.74188078073
17.88 8.75181856299
17.89 8.76175668946
17.9 8.77169515825
17.91 8.78163396751
17.92 8.79157311537
17.93 8.80151259998
17.94 8.8114524195
17.95 8.8213925721
17.96 8.83133305598
17.97 8.8412738693
17.98 8.85121501028
17.99 8.86115647712
18.0 8.87109826805
18.01 8.88104038129
18.02 8.89098281508
18.03 8.90092556766
18.04 8.9108686373
18.05 8.92081202226
18.06 8.93075572081
18.07 8.94069973124
18.08 8.95064405185
18.09 8.96058868093
18.1 8.97053361679
18.11 8.98047885776
18.12 8.99042440217
18.13 9.00037024836
18.14 9.01031639467
18.15 9.02026283946
18.16 9.03020958109
18.17 9.04015661795
18.18 9.0501039484
18.19 9.06005157085
18.2 9.06999948369
18.21 9.07994768533
18.22 9.08989617418
18.23 9.09984494868
18.24 9.10979400726
18.25 9.11974334835
18.26 9.12969297042
18.27 9.13964287191
18.28 9.1495930513
18.29 9.15954350706
18.3 9.16949423767
18.31 9.17944524163
18.32 9.18939651743
18.33 9.19934806359
18.34 9.20929987862
18.35 9.21925196104
18.36 9.22920430938
18.37 9.23915692219
18.38 9.24910979801
18.39 9.2590629354
18.4 9.26901633291
18.41 9.27896998913
18.42 9.28892390262
18.43 9.29887807198
18.44 9.3088324958
18.45 9.31878717268
18.46 9.32874210123
18.47 9.33869728006
18.48 9.3486527078
18.49 9.35860838308
18.5 9.36856430454
18.51 9.37852047082
18.52 9.38847688057
18.53 9.39843353247
18.54 9.40839042517
18.55 9.41834755735
18.56 9.42830492769
18.57 9.43826253488
18.58 9.44822037762
18.59 9.4581784546
18.6 9.46813676455
18.61 9.47809530617
18.62 9.4880540782
18.63 9.49801307935
18.64 9.50797230838
18.65 9.51793176402
18.66 9.52789144502
18.67 9.53785135015
18.68 9.54781147817
18.69 9.55777182784
18.7 9.56773239796
18.71 9.57769318729
18.72 9.58765419464
18.73 9.59761541881
18.74 9.60757685859
18.75 9.61753851279
18.76 9.62750038024
18.77 9.63746245976
18.78 9.64742475018
18.79 9.65738725033
18.8 9.66734995905
18.81 9.67731287521
18.82 9.68727599764
18.83 9.69723932522
18.84 9.70720285681
18.85 9.71716659128
18.86 9.72713052752
18.87 9.7370946644
18.88 9.74705900083
18.89 9.75702353569
18.9 9.7669882679
18.91 9.77695319637
18.92 9.78691832
18.93 9.79688363772
18.94 9.80684914847
18.95 9.81681485116
18.96 9.82678074475
18.97 9.83674682817
18.98 9.84671310038
18.99 9.85667956033
19.0 9.86664620698
19.01 9.87661303931
19.02 9.88658005629
19.03 9.89654725689
19.04 9.90651464009
19.05 9.9164822049
19.06 9.92644995031
19.07 9.93641787531
19.08 9.94638597891
19.09 9.95635426012
19.1 9.96632271797
19.11 9.97629135147
19.12 9.98626015965
19.13 9.99622914155
19.14 10.0061982962
19.15 10.0161676226
19.16 10.0261371199
19.17 10.0361067871
19.18 10.0460766233
19.19 10.0560466275
19.2 10.0660167987
19.21 10.0759871362
19.22 10.0859576388
19.23 10.0959283058
19.24 10.1058991363
19.25 10.1158701292
19.26 10.1258412838
19.27 10.1358125991
19.28 10.1457840742
19.29 10.1557557082
19.3 10.1657275004
19.31 10.1756994497
19.32 10.1856715553
19.33 10.1956438164
19.34 10.205616232
19.35 10.2155888014
19.36 10.2255615236
19.37 10.2355343979
19.38 10.2455074234
19.39 10.2554805992
19.4 10.2654539246
19.41 10.2754273986
19.42 10.2854010204
19.43 10.2953747894
19.44 10.3053487045
19.45 10.315322765
19.46 10.3252969702
19.47 10.3352713191
19.48 10.3452458111
19.49 10.3552204453
19.5 10.3651952208
19.51 10.3751701371
19.52 10.3851451931
19.53 10.3951203883
19.54 10.4050957217
19.55 10.4150711927
19.56 10.4250468005
19.57 10.4350225443
19.58 10.4449984233
19.59 10.4549744369
19.6 10.4649505842
19.61 10.4749268645
19.62 10.4849032771
19.63 10.4948798213
19.64 10.5048564962
19.65 10.5148333013
19.66 10.5248102357
19.67 10.5347872988
19.68 10.5447644897
19.69 10.5547418079
19.7 10.5647192527
19.71 10.5746968232
19.72 10.5846745188
19.73 10.5946523388
19.74 10.6046302826
19.75 10.6146083494
19.76 10.6245865385
19.77 10.6345648493
19.78 10.6445432811
19.79 10.6545218333
19.8 10.664500505
19.81 10.6744792958
19.82 10.6844582049
19.83 10.6944372316
19.84 10.7044163753
19.85 10.7143956354
19.86 10.7243750113
19.87 10.7343545021
19.88 10.7443341075
19.89 10.7543138265
19.9 10.7642936588
19.91 10.7742736036
19.92 10.7842536603
19.93 10.7942338282
19.94 10.8042141068
19.95 10.8141944955
19.96 10.8241749936
19.97 10.8341556005
19.98 10.8441363156
19.99 10.8541171384;

proc gplot;
plot stock_price*option_price;